-37
-44
-50
-54
-57
-64
-79
-83
-84
-84
-90
-97
-97
-108
-109
-111
-113
-114
-115
-116
-123
-118
-113
-120
-113
-116
-115
-108
-107
-108
-98
-96
-93
-87
-89
-79
-72
-63
-58
-55
-47
-42
-33
-31
-18
-12
-7
-3
1
11
13
26
29
41
43
53
63
61
74
71
77
86
88
99
96
103
106
114
113
119
115
117
119
118
115
120
122
114
115
109
106
104
101
103
96
92
86
77
81
73
61
56
56
51
39
39
22
15
14
11
4
-10
-12
-18
-27
-39
-44
-51
-54
-63
-72
-70
-73
-87
-90
-89
-92
-102
-105
-106
-115
-115
-113
-114
-121
-113
-117
-120
